paper:793,1122;
report_box:2.937500,5.312500,7.666667,5.791667,,,0,1,0.000000,0,14540253,1,14540253;
report_label:3.020833,5.395833,7.322917,5.687500,Left eye                                   Right eye,,0,ÈÞ¸Õ¿¢½ºÆ÷,100,0,0,0,0,0,0,129;
report_label:3.031250,5.614583,7.416667,5.812500,Left Gain        Right Gain            Left Gain        Right Gain,,0,ÈÞ¸Õ¿¢½ºÆ÷,100,0,0,0,0,0,0,129;
