paper:793,1122;
report_grid:0.062500,6.145833,7.781250,6.364583,,Grid,0,0,0.000000,0,0,0,0.000000,0,0,0,0.000000,0,0,6,2.812500#Times New Roman#120#0#0#0#0#0#0#SACCADE_NAME#0|1.250000#Times New Roman#120#0#0#0#0#0#1#LLGAIN#0|1.250000#Times New Roman#120#0#0#0#0#0#1#LRGAIN#0|1.250000#Times New Roman#120#0#0#0#0#0#1#RLGAIN#0|1.145833#Times New Roman#120#0#0#0#0#0#1#RRGAIN#0;
