report_box:2.937500,3.281250,7.666667,3.760417,,,0,1,0.000000,0,14540253,1,14540253;
report_label:3.031250,3.572917,8.0000,3.729167,Left         Right           Left         Right           Left         Right ,,0,ÈÞ¸Õ¿¢½ºÆ÷,100,0,0,0,0,0,0,129;
report_label:3.031250,3.364583,7.208333,3.510417,Peak Vel(d/s)               Latency(ms)                Accuracy(%),,0,ÈÞ¸Õ¿¢½ºÆ÷,100,0,0,0,0,0,0,129;
