paper:793,1122;
report_box:2.937500,1.854167,7.739583,2.333333,,,0,1,0.000000,0,14540253,1,14540253;
report_label:3.031250,1.937500,8.177083,2.229167,Left eye                               Right eye                            Rigion,,0,ÈÞ¸Õ¿¢½ºÆ÷,100,0,0,0,0,0,0,129;
report_label:3.041667,2.145833,7.916667,2.343750,LB(d/s)  RB(d/s)  DB(d/s)  UB(d/s)  LB(d/s)  RB(d/s)  DB(d/s)  UB(d/s)   (d/s),,0,ÈÞ¸Õ¿¢½ºÆ÷,100,0,0,0,0,0,0,129;
