paper:793,1122;
report_label:0.479167,2.854167,7.802083,2.979167,Gaze_Left15\comma 20sec                         V01               V02                  V03               V04             LBV05,,0,ÈÞ¸Õ¿¢½ºÆ÷,100,0,0,0,0,0,0,129;
