paper:793,1122;
report_box:2.927083,8.437500,7.687500,8.916667,,,0,1,0.000000,0,14540253,1,14540253;
report_label:3.041667,8.729167,8.031250,8.875000,Up         Down            Up         Down            Up         Down,,0,ÈÞ¸Õ¿¢½ºÆ÷,100,0,0,0,0,0,0,129;
report_label:3.041667,8.520833,7.218750,8.666667,Peak Vel(d/s)               Latency(ms)                Accuracy(%),,0,ÈÞ¸Õ¿¢½ºÆ÷,100,0,0,0,0,0,0,129;
