paper:793,1122;
report_box:2.927083,6.375000,7.666667,6.854167,,,0,1,0.000000,0,14540253,1,14540253;
report_label:3.031250,6.458333,7.333333,6.583333,Left eye                    Right eye                      Region     Peak,,0,ÈÞ¸Õ¿¢½ºÆ÷,100,0,0,0,0,0,0,129;
report_label:3.041667,6.666667,7.333333,6.864583,Left Gain  Right Gain   Left Gain  Right Gain      (d/s)        (d/s),,0,ÈÞ¸Õ¿¢½ºÆ÷,100,0,0,0,0,0,0,129;
