paper:793,1122;
report_label:0.354167,0.000000,2.958333,2.354167,TEXT,,0,ÈÞ¸Õ¿¢½ºÆ÷,120,1,0,0,0,0,0,129;
