paper:793,1122;
report_label:2.343750,0.468750,5.531250,0.947917,¿¡½º¿¤¸Þµåº´¿ø,,0,»õ±¼¸²,240,1,0,0,0,0,1,0;
report_label:1.479167,0.916667,6.302083,1.364583,Vestibular Function Test Summary,,0,»õ±¼¸²,140,1,0,0,0,0,1,0;
report_line:0.906250,1.208333,6.760417,1.208333,,,0,0.020833,0,0;
report_line:0.416667,2.062500,7.822917,2.062500,,,0,0.020833,0,0;
report_label:0.645833,1.364583,8.041667,1.520833,ID\colon SUBJECT_ID              Name\colon SUBJECT_NAME                    Sex&Age\colon SUBJECT_SEX_AGE,,0,»õ±¼¸²,100,0,0,0,0,0,0,0;
report_label:0.645833,1.729167,7.958333,1.875000,Data\colon SUBJECT_DATE          Time\colon SUBJECT_TIME,,0,»õ±¼¸²,100,0,0,0,0,0,0,0;
report_line:0.416667,1.989583,7.822917,1.989583,,,0,0.020833,0,0;
