paper:793,1122;
report_box:2.958333,0.875000,7.718750,1.354167,,,0,1,0.000000,0,14540253,1,14540253;
report_label:3.062500,0.958333,7.687500,1.083333,Left eye                    Right eye                      Region       Peak,,0,ÈÞ¸Õ¿¢½ºÆ÷,100,0,0,0,0,0,0,129;
report_label:3.072917,1.166667,7.666667,1.364583,Up Gain   Down Gain   Up Gain   Down Gain      (d/s)          (d/s),,0,ÈÞ¸Õ¿¢½ºÆ÷,100,0,0,0,0,0,0,129;
