paper:793,1122;
report_box:2.947917,2.302083,7.666667,2.781250,,,0,1,0.000000,0,14540253,1,14540253;
report_label:3.031250,2.364583,7.666667,2.656250,Left eye                              Right eye                          Region,,0,ÈÞ¸Õ¿¢½ºÆ÷,100,0,0,0,0,0,0,129;
report_label:3.031250,2.593750,7.666667,2.791667,UB(d/s)           DB(d/s)              UB(d/s)           DB(d/s)           (d/s),,0,ÈÞ¸Õ¿¢½ºÆ÷,100,0,0,0,0,0,0,129;
