paper:793,1122;
report_box:2.927083,10.458333,7.687500,10.937500,,,0,1,0.000000,0,14540253,1,14540253;
report_label:3.041667,10.541667,7.729167,10.739583,Left eye                                    Right eye,,0,ÈÞ¸Õ¿¢½ºÆ÷,100,0,0,0,0,0,0,129;
report_label:3.041667,10.750000,7.625000,10.947917,Up Gain        Down Gain              Up Gain        Down Gain,,0,ÈÞ¸Õ¿¢½ºÆ÷,100,0,0,0,0,0,0,129;
